20140723
20140724
20140725
20140728
20140729
20140730
20140731
20140801
20140804
20140805
20140806
20140807
20140808
20140811
20140812
20140813
20140814
20140815
20140818
20140819
20140820
20140821
20140822
20140825
20140826
20140827
20140828
20140829
20140901
20140902
20140903
20140904
20140905
20140909
20140910
20140911
20140912
20140915
20140916
20140917
20140918
20140919
20140922
20140923
20140924
20140925
20140926
20140929
20140930
20141008
20141009
20141010
20141013
20141014
20141015
20141016
20141017
20141020
20141021
20141022
20141023
20141024
20141027
20141028
20141029
20141030
20141031
20141103
20141104
20141105
20141106
20141107
20141110
20141111
20141112
20141113
20141114
20141117
20141118
20141119
20141120
20141121
20141124
20141125
20141126
20141127
20141128
20141201
20141202
20141203
20141204
20141205
20141208
20141209
20141210
20141211
20141212
20141215
20141216
20141217
20141218
20141219
20141222
20141223
20141224
20141225
20141226
20141229
20141230
20141231
20150105
20150106
20150107
20150108
20150109
20150112
20150113
20150114
20150115
20150116
20150119
20150120
20150121
20150122
20150123
20150126
20150127
20150128
20150129
20150130
20150202
20150203
20150204
20150205
20150206
20150209
20150210
20150211
20150212
20150213
20150216
20150217
20150225
20150226
20150227
20150302
20150303
20150304
20150305
20150306
20150309
20150310
20150311
20150312
20150313
20150316
20150317
20150318
20150319
20150320
20150323
20150324
20150325
20150326
20150327
20150330
20150331
20150401
20150402
20150403
20150407
20150408
20150409
20150410
20150413
20150414
20150415
20150416
20150417
20150420
20150421
20150422
20150423
20150424
20150427
20150428
20150429
20150430
20150504
20150505
20150506
20150507
20150508
20150511
20150512
20150513
20150514
20150515
20150518
20150519
20150520
20150521
20150522
20150525
20150526
20150527
20150528
20150529
20150601
20150602
20150603
20150604
20150605
20150608
20150609
20150610
20150611
20150612
20150615
20150616
20150617
20150618
20150619
20150623
20150624
20150625
20150626
20150629
20150630
20150701
20150702
20150703
20150706
20150707
20150708
20150709
20150710
20150713
20150714
20150715
20150716
20150717
20150720
20150721
20150722
20150723
20150724
20150727
20150728
20150729
20150730
20150731
20150803
20150804
20150805
20150806
20150807
20150810
20150811
20150812
20150813
20150814
20150817
20150818
20150819
20150820
20150821
20150824
20150825
20150826
20150827
20150828
20150831
20150901
20150902
20150907
20150908
20150909
20150910
20150911
20150914
20150915
20150916
20150917
20150918
20150921
20150922
20150923
20150924
20150925
20150928
20150929
20150930
20151008
20151009
20151012
20151013
20151014
20151015
20151016
20151019
20151020
20151021
20151022
20151023
20151026
20151027
20151028
20151029
20151030
20151102
20151103
20151104
20151105
20151106
20151109
20151110
20151111
20151112
20151113
20151116
20151117
20151118
20151119
20151120
20151123
20151124
20151125
20151126
20151127
20151130
20151201
20151202
20151203
20151204
20151207
20151208
20151209
20151210
20151211
20151214
20151215
20151216
20151217
20151218
20151221
20151222
20151223
20151224
20151225
20151228
20151229
20151230
20151231
20160104
20160105
20160106
20160107
20160108
20160111
20160112
20160113
20160114
20160115
20160118
20160119
20160120
20160121
20160122
20160125
20160126
20160127
20160128
20160129
20160201
20160202
20160203
20160204
20160205
20160215
20160216
20160217
20160218
20160219
20160222
20160223
20160224
20160225
20160226
20160229
20160301
20160302
20160303
20160304
20160307
20160308
20160309
20160310
20160311
20160314
20160315
20160316
20160317
20160318
20160321
20160322
20160323
20160324
20160325
20160328
20160329
20160330
20160331
20160401
20160405
20160406
20160407
20160408
20160411
20160412
20160413
20160414
20160415
20160418
20160419
20160420
20160421
20160422
20160425
20160426
20160427
20160428
20160429
20160502
20160503
20160504
20160505
20160506
20160509
20160510
20160511
20160512
20160513
20160516
20160517
20160518
20160519
20160520
20160523
20160524
20160525
20160526
20160527
20160530
20160531
20160601
20160602
20160603
20160606
20160607
20160608
20160613
20160614
20160615
20160616
20160617
20160620
20160621
20160622
20160623
20160624
20160627
20160628
20160629
20160630
20160701
20160704
20160705
20160706
20160707
20160708
20160711
20160712
20160713
20160714
20160715
20160718
20160719
20160720
20160721
20160722
20160725
20160726
20160727
20160728
20160729
20160801
20160802
20160803
20160804
20160805
20160808
20160809
20160810
20160811
20160812
20160815
20160816
20160817
20160818
20160819
20160822
20160823
20160824
20160825
20160826
20160829
20160830
20160831
20160901
20160902
20160905
20160906
20160907
20160908
20160909
20160912
20160913
20160914
20160915
20160916
20160919
20160920
20160921
20160922
20160923
20160926
20160927
20160928
20160929
20160930
20161003
20161004
20161005
20161006
20161007
20161010
20161011
20161012
20161013
20161014
20161017
20161018
20161019
20161020
20161021
20161024
20161025
20161026
20161027
20161028
20161031
20161101
20161102
20161103
20161104
20161107
20161108
20161109
20161110
20161111
20161114
20161115
20161116
20161117
20161118
20161121
20161122
20161123
20161124
20161125
20161128
20161129
20161130
20161201
20161202
20161205
20161206
20161207
20161208
20161209
20161212
20161213
20161214
20161215
20161216
20161219
20161220
20161221
20161222
20161223
20161226
20161227
20161228
20161229
20161230
20170103
20170104
20170105
20170106
20170109
20170110
20170111
20170112
20170113
20170116
20170117
20170118
20170119
20170120
20170123
20170124
20170125
20170126
20170127
20170130
20170131
20170201
20170202
20170203
20170206
20170207
20170208
20170209
20170210
20170213
20170214
20170215
20170216
20170217
20170220
20170221
20170222
20170223
20170224
20170227
20170228
20170301
20170302
20170303
20170306
20170307
20170308
20170309
20170310
20170313
20170314
20170315
20170316
20170317
20170320
20170321
20170322
20170323
20170324
20170327
20170328
20170329
20170330
20170331
20170403
20170404
20170405
20170406
20170407
20170410
20170411
20170412
20170413
20170414
20170417
20170418
20170419
20170420
20170421
20170424
20170425
20170426
20170427
20170428
20170501
20170502
20170503
20170504
20170505
20170508
20170509
20170510
20170511
20170512
20170515
20170516
20170517
20170518
20170519
20170522
20170523
20170524
20170525
20170526
20170529
20170531
20170601
20170602
20170605
20170606
20170607
20170608
20170609
20170612
20170613
20170614
20170615
20170616
20170619
20170620
20170621
20170622
20170623
20170626
20170627
20170628
20170629
20170204
20170205
20170211
20170212
20170218
20170219
20170225
20170226
20170304
20170305
20170311
20170312
20170318
20170319
20170325
20170326
20170409
20170416
20170423
20170430
20170506
20170513
20170520
20170527
20170603
20170604
20170610
20170611
20170617
20170618
20170624
20170625
20170630
20170702
20170703
20170704
20170705
20170706
20170709
20170710
20170711
20170712
20170713
20170716
20170717
20170718
20170719
20170720
20170723
20170724
20170725
20170726
20170727
20170730
20170731
20170802
20170803
20170804
20170805
20170806
20170809
20170810
20170811
20170812
20170813
20170816
20170817
20170818
20170819
20170820
20170823
20170824
20170825
20170826
20170827
20170830
20170831
20170902
20170903
20170904
20170905
20170906
20170909
20170910
20170911
20170912
20170913
20170916
20170917
20170918
20170919
20170920
20170923
20170924
20170925
20170926
20170927
20170930
20171009
20171010
20171011
20171012
20171013
20171016
20171017
20171018
20171019
20171020
20171023
20171024
20171025
20171026
20171027
20171030
20171031
20171102
20171103
20171104
20171105
20171106
20171109
20171110
20171111
20171112
20171113
20171116
20171117
20171118
20171119
20171120
20171123
20171124
20171125
20171126
20171127
20171130
20171202
20171203
20171204
20171205
20171206
20171209
20171210
20171211
20171212
20171213
20171216
20171217
20171218
20171219
20171220
20171223
20171224
20171225
20171226
20171227
20171230
20171231